{
  "status": {
    "mode": "fallback",
    "message": "Saved sample pose loaded.",
    "running": false,
    "phase": "fallback"
  },
  "pose_rad": {
    "pelvis_tilt": -0.04,
    "lumbar_extension": 0.03,
    "hip_flexion_r": 0.2,
    "knee_angle_r": 0.16,
    "ankle_angle_r": -0.05
  },
  "segment_transforms": {
    "pelvis": {
      "translation_m": [0.0, 0.94, 0.0],
      "rotation_matrix_3x3": [[0.9992, 0.04, 0.0], [-0.04, 0.9992, 0.0], [0.0, 0.0, 1.0]]
    },
    "torso": {
      "translation_m": [-0.04, 1.23, 0.0],
      "rotation_matrix_3x3": [[0.9988, 0.049, 0.0], [-0.049, 0.9988, 0.0], [0.0, 0.0, 1.0]]
    },
    "femur_r": {
      "translation_m": [0.03, 0.77, 0.09],
      "rotation_matrix_3x3": [[0.995, -0.0998, 0.0], [0.0998, 0.995, 0.0], [0.0, 0.0, 1.0]]
    },
    "tibia_r": {
      "translation_m": [0.01, 0.43, 0.09],
      "rotation_matrix_3x3": [[0.985, -0.1736, 0.0], [0.1736, 0.985, 0.0], [0.0, 0.0, 1.0]]
    },
    "calcn_r": {
      "translation_m": [0.03, 0.08, 0.09],
      "rotation_matrix_3x3": [[0.999, 0.0, 0.0447], [0.0, 1.0, 0.0], [-0.0447, 0.0, 0.999]]
    },
    "toes_r": {
      "translation_m": [0.14, 0.04, 0.11],
      "rotation_matrix_3x3": [[0.999, 0.0, 0.0447], [0.0, 1.0, 0.0], [-0.0447, 0.0, 0.999]]
    },
    "femur_l": {
      "translation_m": [-0.01, 0.79, -0.09],
      "rotation_matrix_3x3": [[0.9997, 0.024, 0.0], [-0.024, 0.9997, 0.0], [0.0, 0.0, 1.0]]
    },
    "tibia_l": {
      "translation_m": [-0.04, 0.44, -0.09],
      "rotation_matrix_3x3": [[0.9999, 0.012, 0.0], [-0.012, 0.9999, 0.0], [0.0, 0.0, 1.0]]
    },
    "calcn_l": {
      "translation_m": [-0.01, 0.08, -0.09],
      "rotation_matrix_3x3": [[1.0, 0.0, 0.0], [0.0, 1.0, 0.0], [0.0, 0.0, 1.0]]
    },
    "toes_l": {
      "translation_m": [0.09, 0.04, -0.1],
      "rotation_matrix_3x3": [[1.0, 0.0, 0.0], [0.0, 1.0, 0.0], [0.0, 0.0, 1.0]]
    },
    "humerus_r": {
      "translation_m": [-0.09, 1.39, 0.18],
      "rotation_matrix_3x3": [[0.9998, 0.02, 0.0], [-0.02, 0.9998, 0.0], [0.0, 0.0, 1.0]]
    },
    "ulna_r": {
      "translation_m": [-0.08, 1.11, 0.17],
      "rotation_matrix_3x3": [[0.9998, 0.02, 0.0], [-0.02, 0.9998, 0.0], [0.0, 0.0, 1.0]]
    },
    "hand_r": {
      "translation_m": [-0.1, 0.88, 0.2],
      "rotation_matrix_3x3": [[0.9998, 0.02, 0.0], [-0.02, 0.9998, 0.0], [0.0, 0.0, 1.0]]
    },
    "humerus_l": {
      "translation_m": [-0.09, 1.39, -0.18],
      "rotation_matrix_3x3": [[0.9998, 0.02, 0.0], [-0.02, 0.9998, 0.0], [0.0, 0.0, 1.0]]
    },
    "ulna_l": {
      "translation_m": [-0.08, 1.11, -0.17],
      "rotation_matrix_3x3": [[0.9998, 0.02, 0.0], [-0.02, 0.9998, 0.0], [0.0, 0.0, 1.0]]
    },
    "hand_l": {
      "translation_m": [-0.1, 0.88, -0.2],
      "rotation_matrix_3x3": [[0.9998, 0.02, 0.0], [-0.02, 0.9998, 0.0], [0.0, 0.0, 1.0]]
    }
  }
}
